Columns  = tim:p:z:t:s:o:ss:sth:chl2_raw:turb_raw:par:spar
 735173.0248233    3.00    2.98 27.7712 29.5775 190.77 1535.15 18.3963  0.258  0.056    0.19    0.00
 735173.0248508    4.00    3.98 27.7721 29.5779 190.98 1535.17 18.3964  0.245  0.050    0.19    0.00
 735173.0248806    5.00    4.97 27.7730 29.5782 190.83 1535.19 18.3965  0.239  0.049    0.19    0.00
 735173.0249025    6.00    5.97 27.7811 29.5795 190.70 1535.23 18.3949  0.239  0.048    0.19    0.00
 735173.0249193    7.00    6.96 27.7851 29.5849 190.76 1535.26 18.3978  0.220  0.050    0.19    0.00
 735173.0249370    8.00    7.96 27.7883 29.5916 190.74 1535.29 18.4019  0.222  0.050    0.19    0.00
 735173.0249591    9.00    8.95 27.7871 29.5919 190.94 1535.30 18.4025  0.231  0.050   -9.99    0.00
 735173.0249850   10.00    9.94 27.8029 29.6711 190.73 1535.44 18.4570  0.244  0.054   -9.99    0.00
 735173.0250089   11.00   10.94 27.7904 29.8269 190.65 1535.59 18.5779  0.236  0.059    0.19    0.00
 735173.0250314   12.00   11.93 27.7791 29.9127 190.56 1535.68 18.6459  0.248  0.057    0.19    0.00
