NO2/NO3 is in æmol L^-1																											
PO4is in  æmol L^-1																											
SiO4 is in æmol L^-1																											
NH4 is in æmol L^-1																											
Chla is in mg m^-3																											
POC is in æmol L^-1																											
PON is in æmol L^-1																											
POP  is in æmol L^-1																											
d18O is in ?																											
d15N is in ?																											
quality flags: 2= good, 3=suspected bad, 4= known bad, 9= no data																											
																											
Sample_no	Date	Profile	Latitude	Longitude	Niskin	Depth_nominal	Depth_btl	NO2/NO3	Nox_qlty	PO4	PO4_qlty	SiO4	SiO_qlty	NH4	NH4_qlty	Chla	Chla_qlty	POC	POC_qlty	PON	PON_qlty	POP	POP_qlty	d18O	d18O_qlty	d15N	d15N_qlty
1	20121024	2	17.6065	-24.2497	6	3000	2997.5	25.23632765	2	1.540008007	2	27.55303248	2	0.808486378	4	0.004520187	2	9.182052702	3	1.029763762	3	0.026807418	2	2.1280258	3	5.236709	3
2	20121024	2	17.6065	-24.2497	8	1500	1496.7	28.33272203	2	1.708493543	2	17.87421393	2	0.480228643	4	0.005764027	2	13.96750562	3	1.458081777	3	0.033879925	2	2.121781	3	4.8048892	3
3	20121024	2	17.6065	-24.2497	9	1000	999.6	32.995033	2	2.016257052	2	17.23878581	2	0.648204825	4	0.011510027	2	10.64532782	3	1.084619424	3	0.028379086	2	2.1269139	3	5.0694254	3
4	20121024	2	17.6065	-24.2497	11	450	449	34.98678489	2	1.944564906	2	10.53496087	2	0.904541999	4	0.005655867	2	15.24538157	3	1.686729871	3	0.031915339	2	2.3859866	3	4.3293222	3
5	20121024	2	17.6065	-24.2497	12	350	346.9	32.36394402	2	1.798134726	2	8.531401517	2	0.688682234	4	0.010198587	2	18.84784084	3	1.603699975	3	0.035058676	2	2.7506898	3	4.2456804	3
6	20121024	2	17.6065	-24.2497	13	250	246.4	20.63298785	2	1.138689012	2	4.905292041	2	0.759164391	4	0.005250267	2	18.09907748	3	1.984627048	3	0.036630344	2	2.692871	3	4.7728772	3
7	20121024	2	17.6065	-24.2497	14	180	176.8	14.58718572	2	0.815722713	2	3.375795876	2	0.664729744	4	0.011645227	2	NaN	9	NaN	9	NaN	9	4.0983126	3	4.1265542	3
8	20121024	2	17.6065	-24.2497	15	150	147	11.82040117	2	0.733118853	2	2.37988006	2	0.31154394	4	0.006669867	2	11.71715104	2	1.203288272	2	0.032308256	2	5.0523228	3	2.0785974	3
9	20121024	2	17.6065	-24.2497	16	120	117.2	14.55591	2	0.910415588	2	2.616936247	2	0.54427841	4	0.011428907	2	10.98438918	2	1.24304232	2	0.038987846	2	3.2877375	3	1.2295064	3
10	20121024	2	17.6065	-24.2497	17	100	97.5	13.36481166	2	0.87819477	2	2.293637567	2	0.354780795	4	0.092562427	2	10.59962117	2	1.24553056	2	0.024842833	2	2.6105904	3	2.0076286	3
11	20121024	2	17.6065	-24.2497	18	80	77.9	9.598191635	2	0.698804125	2	1.817483761	2	0.545498601	4	0.208820907	2	7.658555797	2	0.828218129	2	0.037416178	2	3.9682203	3	2.6590208	3
12	20121024	2	17.6065	-24.2497	19	60	57.7	3.169118428	2	0.459530002	2	1.444058147	2	0.47493089	4	0.315101627	2	8.086689743	2	1.013800933	2	0.056276194	2	12.9078963	3	2.005094	3
13	20121024	2	17.6065	-24.2497	20	40	38	0.116486994	2	0.327048273	2	1.354534293	2	0.365148878	4	0.356973067	2	8.048339505	2	1.034051201	2	0.059419531	2	43.5351818	3	9.9079768	3
14	20121024	2	17.6065	-24.2497	21	20	25.3	0.05924091	2	0.225590516	2	0.913716124	2	0.387728112	4	0.192705067	2	16.65640826	2	1.903396352	2	0.051954107	2	44.0800128	3	0.0078292	3
14-1	20121024	4	17.6063	-24.2505	1	2000	1997.1	19.6812706	2	1.344269057	2	16.99428533	2	1.379798764		NaN	9	NaN	9	NaN	9	NaN	9	2.1947398	3	4.7449966	3
14-2	20121024	4	17.6063	-24.2505	2	600	601.7	37.99757169	2	2.247423528	2	14.47989628	2	0.850361955		NaN	9	NaN	9	NaN	9	NaN	9	2.7762635	3	4.3293222	3
14-3	20121024	4	17.6063	-24.2505	3	10	13.8	0.113761602	2	0.209835013	2	0.88736951	2	0.447763463		NaN	9	NaN	9	NaN	9	NaN	9	49.459385	3	10.939559	3
15	20121027	9	10.9995	-21.2518	1	800	797.7	41.89136769	2	2.547603354	2	19.2970781	2	0.733524048	4	0.0054756	2	6.723811253	3	0.492346953	3	0.041959102	2	NaN	9	NaN	9
16	20121027	9	10.9995	-21.2518	2	450	448.5	40.72258669	2	2.381374618	2	13.53265815	2	0.851601344	4	0.00489424	2	9.871111181	3	0.932455341	3	0.024114734	2	NaN	9	NaN	9
17	20121027	9	10.9995	-21.2518	3	250	246.9	33.05007514	2	1.929233042	2	8.635881448	2	0.743572765	4	0.00609752	2	7.847636757	3	0.672781018	3	0.029419816	2	NaN	9	NaN	9
18	20121027	9	10.9995	-21.2518	4	150	146.4	28.30597542	2	1.728905938	2	6.28006729	2	0.570730042	4	0.0062192	2	5.993082029	2	0.645774306	2	0.030384377	2	NaN	9	NaN	9
19	20121027	9	10.9995	-21.2518	5	100	97.3	25.32263435	2	1.573810029	2	5.423140364	2	0.594754288	4	0.02363296	2	6.42873675	2	0.605867105	2	0.024114734	2	NaN	9	NaN	9
20	20121027	9	10.9995	-21.2518	6	80	76.8	24.22331593	2	1.524854434	2	4.828958561	2	0.592716369	4	0.1354028	2	6.980108347	2	0.883112004	2	0.03826162	2	NaN	9	NaN	9
21	20121027	9	10.9995	-21.2518	7	60	57.1	22.17534933	2	1.428981538	2	4.272613268	2	0.651970941	4	0.29758872	2	9.439267663	2	1.102113529	2	0.041155301	2	NaN	9	NaN	9
22	20121027	9	10.9995	-21.2518	8	40	37.9	8.638033759	2	0.837398078	2	3.069892117	2	0.65862492	4	0.33783776	2	11.38683243	2	1.527656147	2	0.06044651	2	NaN	9	NaN	9
23	20121027	9	10.9995	-21.2518	9	20	17.4	1.708874156	2	0.364133089	2	2.103777402	2	0.646417846	4	0.18342584	2	12.87705832	2	1.357883147	2	0.054337627	2	NaN	9	NaN	9
24	20121027	9	10.9995	-21.2518	10	10	8	0.252619401	2	0.204096693	2	1.182680642	2	0.541174493	4	0.09399104	2	7.963764926	2	1.05039685	2	0.050640146	2	NaN	9	NaN	9
25	20121028	13	8.0167	-22.9827	2	1000	997	36.7944219	2	2.319156561	2	21.1878486	2	1.025878381	4	0.00250796	2	5.329371233	3	0.638922114	3	0.034869398	2	NaN	9	NaN	9
26	20121028	13	8.0167	-22.9827	3	800	798	40.6092777	2	2.564989679	2	20.33484677	2	0.960337483	4	0.00175084	2	6.51029492	3	0.732957594	3	0.055687659	2	NaN	9	NaN	9
27	20121028	13	8.0167	-22.9827	4	600	596.8	41.58620736	2	2.55386186	2	16.8907341	2	0.890976422	4	0.003211	2	8.139292293	3	1.051507009	3	0.024460267	2	NaN	9	NaN	9
28	20121028	13	8.0167	-22.9827	5	450	449.5	32.24607238	2	2.16092261	2	10.53885843	2	1.402503362	4	0.0033462	2	9.430681334	3	1.134192384	3	0.055687659	2	NaN	9	NaN	9
29	20121028	13	8.0167	-22.9827	6	300	296.2	33.73645017	2	2.015736772	2	9.152765221	2	0.910872757	4	0.0056446	2	6.528335808	3	0.831357111	3	0.040266725	2	NaN	9	NaN	9
30	20121028	13	8.0167	-22.9827	7	250	248.8	28.64726379	2	1.706194704	2	7.685502999	2	0.841292078	4	0.00711828	2	7.104817283	3	0.832926601	3	0.049133762	2	NaN	9	NaN	9
31	20121028	13	8.0167	-22.9827	8	160	159.5	25.81669523	2	1.636978331	2	6.556254598	2	0.894367943	4	0.00698308	2	7.999041586	2	1.102419751	2	0.033712828	2	NaN	9	NaN	9
32	20121028	13	8.0167	-22.9827	9	110	108.7	25.06650922	2	1.62079027	2	5.121489228	2	0.640771044	4	0.09752652	2	6.032813033	2	0.804560872	2	0.048748239	2	NaN	9	NaN	9
33	20121028	13	8.0167	-22.9827	10	80	76.9	18.1511882	2	1.248969988	2	3.950043711	2	0.606330662	4	0.40602588	2	5.916257691	2	0.879858211	2	0.047591669	2	NaN	9	NaN	9
34	20121028	13	8.0167	-22.9827	11	60	57.3	4.10565288	2	0.476821113	2	2.625953835	2	0.592103341	4	0.38502932	2	9.929252677	2	1.356332806	2	0.064169173	2	NaN	9	NaN	9
35	20121028	13	8.0167	-22.9827	12	40	37.8	0.994888258	2	0.243371263	2	1.390435745	2	0.584901513	4	0.16365284	2	9.569205886	2	1.225261141	2	0.064554697	2	NaN	9	NaN	9
36	20121028	13	8.0167	-22.9827	13	20	19.2	0.068636993	2	0.179235952	2	1.055573725	2	0.523337085	4	0.06022484	2	12.53607946	2	1.633137564	2	0.062241557	2	NaN	9	NaN	9
37	20121028	13	8.0167	-22.9827	14	10	9.5	0.059884012	2	0.161577229	2	1.032617446	2	0.519355982	4	0.05405972	2	12.88120062	2	1.613959155	2	0.06262708	2	NaN	9	NaN	9
38	20121029	17	6.4998	-22.9997	2	800	799	37.77994116	2	2.503332124	2	20.50116037	2	0.906515764	4	0.004213733	2	6.140458893	3	0.758088594	3	0.037182538	2	NaN	9	NaN	9
39	20121029	17	6.4998	-22.9997	4	450	446.8	37.50367867	2	2.374370531	2	13.40825479	2	0.839090751	4	0.004375973	2	5.919759234	3	0.717205324	3	0.027544454	2	NaN	9	NaN	9
40	20121029	17	6.4998	-22.9997	7	250	246.8	28.52614648	2	1.869230908	2	8.164591748	2	0.729024246	4	0.004443573	2	3.652933108	3	0.471924425	3	0.053374519	2	NaN	9	NaN	9
41	20121029	17	6.4998	-22.9997	8	150	151.7	22.61475914	2	1.538350672	2	6.070730524	2	0.838723785	4	0.005971333	2	4.788963992	2	0.535412242	2	0.044507482	2	NaN	9	NaN	9
42	20121029	17	6.4998	-22.9997	9	100	101.9	20.38681305	2	1.36763207	2	4.97941425	2	0.847467052	4	0.095622453	2	8.646001349	2	1.007714295	2	0.047206146	2	NaN	9	NaN	9
43	20121029	17	6.4998	-22.9997	10	80	78.6	17.34453263	2	1.216604306	2	3.942448978	2	0.421565523	4	0.102571733	2	6.619724502	2	0.872049056	2	0.041423295	2	NaN	9	NaN	9
44	20121029	17	6.4998	-22.9997	11	60	58.7	9.669432337	2	0.744826271	2	2.802011447	2	0.467207041	4	0.144497253	2	8.518062418	2	1.207192892	2	0.06262708	2	NaN	9	NaN	9
45	20121029	17	6.4998	-22.9997	12	40	38.1	0.546132846	2	0.216484947	2	1.421944645	2	0.463194171	4	0.209190453	2	8.484594488	2	1.156356663	2	0.065325743	2	NaN	9	NaN	9
46	20121029	17	6.4998	-22.9997	13	20	19.6	0.084540233	2	0.182558292	2	1.580119609	2	0.392169754	4	0.209244533	2	7.582857352	2	0.727713192	2	0.050290332	2	NaN	9	NaN	9
47	20121029	17	6.4998	-22.9997	14	10	9	0.084648922	2	0.183757321	2	1.706529781	2	0.47913191	4	0.083359813	2	6.723400754	2	0.962543586	2	0.06494022	2	NaN	9	NaN	9
48	20121029	20	5.4998	-22.9995	3	800	798.7	37.37681741	2	2.543818959	2	20.48134071	2	0.820702443	4	0.002861733	2	5.199689868	3	0.618824957	3	0.039881202	2	2.0668713	3	5.224036	3
49	20121029	20	5.4998	-22.9995	5	450	449.4	36.52692513	2	2.228733094	2	13.30825081	2	1.099074553	4	0.002469653	2	4.986568153	3	0.631074661	3	0.031399688	2	1.7855606	3	5.4572192	3
50	20121029	20	5.4998	-22.9995	7	250	247.2	29.74925042	2	1.942591378	2	8.51622255	2	1.134222964	4	0.002767093	2	4.521037168	3	0.74867165	3	0.029086548	2	2.6828639	3	4.5244864	3
51	20121029	20	5.4998	-22.9995	8	150	146.6	21.94347015	2	1.566046572	2	5.948652275	2	1.077738502	4	0.006282293	2	6.027889831	2	0.768596547	2	0.039110155	2	2.9163629	3	4.3318568	3
52	20121029	20	5.4998	-22.9995	9	100	96.8	19.62945212	2	1.375566385	2	4.727107325	2	0.878999553	4	0.099678453	2	7.122323412	2	0.814743454	2	0.033327305	2	5.4926352	3	1.6654576	3
53	20121029	20	5.4998	-22.9995	10	80	76.2	11.54293625	2	0.845574589	2	3.061429679	2	0.480922375	4	0.212638053	2	10.62533885	2	1.493376211	2	0.052603473	2	9.5710844	3	6.1086114	3
54	20121029	20	5.4998	-22.9995	11	60	56.7	0.476784819	2	0.226541898	2	1.522345018	2	0.460483807	4	0.532629413	2	9.837617843	2	1.305687986	2	0.057615276	2	52.7239234	3	30.899534	3
55	20121029	20	5.4998	-22.9995	12	40	37.6	0.101708321	2	0.19868104	2	1.410774098	2	0.59588595	4	0.144159253	2	9.938968071	2	1.31510493	2	0.03079971	2	59.7355648	3	18.3304526	3
56	20121029	20	5.4998	-22.9995	13	20	19.8	0.094307589	2	0.182678823	2	1.672715597	2	0.543175458	4	0.085806933	2	8.394356304	2	1.028117674	2	0.029210748	2	47.5491408	3	9.1704082	3
57	20121029	20	5.4998	-22.9995	14	10	8.3	0.089775278	2	0.173341741	2	1.699358415	2	0.40986175	4	0.176796533	2	9.331344695	2	1.212820028	2	0.0415252	2	43.3172494	3	8.8180988	3
58	20121030	23	4.999	-22.9995	3	800	801.3	37.02591253	2	2.497089672	2	19.56210761	2	0.810070543	4	0.00347464	2	8.183930222	3	0.792655688	3	0.028019027	2	NaN	9	NaN	9
59	20121030	23	4.999	-22.9995	5	450	448.2	36.46178594	2	2.372776325	2	13.04849644	2	0.978893565	4	0.00413712	2	8.959896052	3	0.874881731	3	0.018485258	2	NaN	9	NaN	9
60	20121030	23	4.999	-22.9995	7	250	247.3	28.04106289	2	1.861891074	2	7.772804308	2	0.983472056	4	0.00677352	2	8.952410213	3	1.0495164	3	0.013718373	2	NaN	9	NaN	9
61	20121030	23	4.999	-22.9995	8	150	148.7	24.40498804	2	1.643334802	2	5.856504829	2	0.731173171	4	0.00674648	2	6.279518598	2	0.562686962	2	0.013718373	2	NaN	9	NaN	9
62	20121030	23	4.999	-22.9995	9	100	98.9	13.11879573	2	0.895916333	2	3.635436705	2	1.20479467	4	0.09610016	2	7.577112757	2	0.999369211	2	0.022060421	2	NaN	9	NaN	9
63	20121030	23	4.999	-22.9995	10	80	78.9	0.1798003	2	0.136112071	2	1.545223686	2	0.58094344	4	0.1981356	2	8.043605673	2	1.104065754	2	0.036361075	2	NaN	9	NaN	9
64	20121030	23	4.999	-22.9995	11	60	58.9	0.098820968	2	0.152801692	2	1.292204283	2	0.241389479	4	0.20595016	2	11.35636424	2	1.584559866	2	0.035169354	2	NaN	9	NaN	9
65	20121030	23	4.999	-22.9995	12	40	38.2	0.08813013	2	0.161831288	2	1.453531499	2	0.434504378	4	0.16328104	2	8.713537465	2	1.069192439	2	0.04112796	2	NaN	9	NaN	9
66	20121030	23	4.999	-22.9995	13	20	19.3	0.092878446	2	0.415083295	2	1.930283739	2	0.673957288	4	0.1109992	2	7.878581349	2	0.984784463	2	0.035566594	2	NaN	9	NaN	9
67	20121030	23	4.999	-22.9995	14	10	9.5	0.086697734	2	0.155286373	2	1.939329864	2	0.489935404	4	0.12165296	2	7.112049836	2	0.785899244	2	0.026430065	2	NaN	9	NaN	9
68	20121101	30	4.5505	-22.4163	3	800	800.8	37.09358361	2	2.495173264	2	20.49298387	2	1.270854218	4	0.002280373	2	4.199439069	3	0.57782679	3	0.017690777	2	NaN	9	NaN	9
69	20121101	30	4.5505	-22.4163	5	450	450.1	34.72913036	2	2.266471825	2	13.20563146	2	1.131581743	4	0.003618853	2	7.397319224	3	1.12866091	3	0.132096008	3	NaN	9	NaN	9
70	20121101	30	4.5505	-22.4163	7	245	243.9	25.50448479	2	1.68221357	2	7.114349116	2	0.804991903	4	0.004024453	2	7.451319216	3	1.197584538	3	0.015307335	2	NaN	9	NaN	9
71	20121101	30	4.5505	-22.4163	8	150	148.4	22.13826478	2	1.477480624	2	5.571522037	2	0.915180714	4	0.012582613	2	6.106021094	2	1.027773154	2	0.015704575	2	NaN	9	NaN	9
72	20121101	30	4.5505	-22.4163	9	100	96.7	22.73414793	2	1.520971641	2	5.142233227	2	1.040302411	4	0.087496933	2	5.588553329	2	0.796636906	2	0.014512854	2	NaN	9	NaN	9
73	20121101	30	4.5505	-22.4163	10	80	76.5	20.72920716	2	1.47881559	2	4.17744708	2	0.386644792	4	0.108669253	2	4.680619412	2	0.612145068	2	0.033183152	2	NaN	9	NaN	9
74	20121101	30	4.5505	-22.4163	11	60	57.1	9.769068958	2	0.76104592	2	2.86325171	2	0.389429771	4	0.174538693	2	5.799719023	2	0.764979085	2	0.044305883	2	NaN	9	NaN	9
75	20121101	30	4.5505	-22.4163	12	40	38.9	0.209176842	2	0.175084233	2	1.388428111	2	0.92572069	4	0.253481973	2	11.98541452	2	1.639453826	2	0.056223094	2	NaN	9	NaN	9
76	20121101	30	4.5505	-22.4163	13	20	17.1	0.095167626	2	0.153262901	2	1.869255135	2	0.533353032	4	0.061295173	2	13.65430726	2	1.955572279	2	0.048278287	2	NaN	9	NaN	9
77	20121101	30	4.5505	-22.4163	14	10	12.2	0.090793147	2	0.145743222	2	1.922132426	2	0.280869148	4	0.094608453	2	NaN	9	NaN	9	NaN	9	NaN	9	NaN	9
78	20121101	32	4	-23	11	800	797.6	36.11900028	2	2.44887843	2	21.50241342	2	0.966895257	4	0.002064053	2	8.020772593	3	1.101769009	3	0.019279738	2	2.4165956	3	4.866878	3
79	20121101	32	4	-23	13	450	447	35.20774011	2	2.260495118	2	13.50265078	2	1.074487988	4	0.003470133	2	5.248659468	3	0.652492494	3	0.013321133	2	3.191474	3	4.452811	3
80	20121101	32	4	-23	14	250	246	26.64997583	2	1.74211354	2	7.205782632	2	1.158398724	4	0.005525173	2	7.735380135	3	0.781573591	3	0.02047146	2	3.3421448	3	4.7862439	3
81	20121101	32	4	-23	15	150	146.8	25.16586078	2	1.640010046	2	6.009304459	2	0.964995554	4	0.007999333	2	8.624121863	2	1.085595536	2	0.014512854	2	3.7487168	3	3.6856974	3
82	20121101	32	4	-23	16	100	96.6	23.43878137	2	1.541175432	2	5.224887062	2	1.222603457	4	0.079641813	2	6.398827138	2	0.896663276	2	0.016101815	2	3.2644178	3	3.9145239	3
83	20121101	32	4	-23	17	80	78.1	18.15586027	2	1.279157821	2	3.804662357	2	0.439192489	4	0.185449333	2	7.617427352	2	1.087107663	2	0.029210748	2	NaN	9	NaN	9
84	20121101	32	4	-23	18	60	56.8	0.536843839	2	0.183921162	2	1.454199471	2	0.411336108	4	0.182096373	2	8.006629852	2	1.101347891	2	0.038347277	2	39.2556062	3	5.3920893	3
85	20121101	32	4	-23	19	40	38.6	0.09979352	2	0.112688024	2	1.509344608	2	0.570171686	4	0.152474053	2	7.180588776	2	0.876030189	2	0.040730719	2	48.5804546	3	1.2209091	3
86	20121101	32	4	-23	20	20	18.9	0.091886193	2	0.151898981	2	1.683199493	2	0.490490095	4	0.089389733	2	5.425962617	2	0.75186808	2	0.03119695	2	55.4491298	3	0.660829	3
87	20121101	32	4	-23	21	10	8.7	0.095718104	2	0.151421163	2	1.728489963	2	0.531365036	4	0.087456373	2	6.799336606	2	0.831816442	2	0.031991431	2	59.7743384	3	7.3643558	3
88	20121103	36	2.9997	-23	9	800	796.7	36.02543462	2	2.477312682	2	21.22623294	2	1.081974377	4	0.00120328	2	8.092558202	3	1.100161219	3	0.016896296	2	NaN	9	NaN	9
89	20121103	36	2.9997	-23	11	450	446.8	33.93566499	2	2.248028338	2	13.44677197	2	1.024454382	4	0.00356928	2	4.6945839	3	0.554858616	3	0.012526652	2	NaN	9	NaN	9
90	20121103	36	2.9997	-23	13	250	247.1	25.25236331	2	1.685500055	2	7.035613129	2	1.456930429	4	0.003718	2	6.107582497	3	0.761629544	3	0.015307335	2	NaN	9	NaN	9
91	20121103	36	2.9997	-23	14	150	146.2	22.61688051	2	1.566045975	2	5.550379088	2	0.953305797	4	0.01775176	2	7.565959428	2	0.963768556	2	0.017690777	2	NaN	9	NaN	9
92	20121103	36	2.9997	-23	15	100	96	18.72408345	2	1.298837511	2	4.177299342	2	1.057241986	4	0.05355272	2	7.500945852	2	1.107300483	2	0.028416267	2	NaN	9	NaN	9
93	20121103	36	2.9997	-23	16	80	75.4	11.79272586	2	0.884956452	2	2.760161849	2	0.643510147	4	0.25925952	2	6.672096395	2	0.938867264	2	0.042319681	2	NaN	9	NaN	9
94	20121103	36	2.9997	-23	17	60	60	0.12979227	2	0.168840582	2	1.182707115	2	0.478939814	4	0.2401152	2	7.926893913	2	1.070264299	2	0.033580392	2	NaN	9	NaN	9
95	20121103	36	2.9997	-23	18	40	38.7	0.106139577	2	0.160222766	2	1.162008165	2	0.741081272	4	0.13895856	2	7.225490313	2	0.996096268	2	0.027621787	2	NaN	9	NaN	9
96	20121103	36	2.9997	-23	19	20	18.3	0.10090305	2	0.154341839	2	1.134360263	2	0.57733333	4	0.07095296	2	5.905252443	2	0.828466902	2	0.021663181	2	NaN	9	NaN	9
97	20121103	36	2.9997	-23	20	10	10	0.100583041	2	0.137609969	2	1.29751449	2	0.523170221	4	0.06582888	2	5.987024597	2	0.745035038	2	0.024443863	2	NaN	9	NaN	9
98	20121104	40	2	-23	8	800	796.7	32.73868008	2	2.166403975	2	13.13437615	2	1.090498971	4	0.00212264	2	6.350778182	3	0.794378374	3	0.012526652	2	NaN	9	NaN	9
99	20121104	40	2	-23	10	450	446.9	35.96784233	2	2.487045384	2	21.66742093	2	1.001704429	4	0.00413712	2	4.713972605	3	0.618480437	3	NaN	9	NaN	9	NaN	9
100	20121104	40	2	-23	12	250	249.6	25.53817897	2	1.736667128	2	7.911132992	2	0.770202961	4	0.00488072	2	6.068032128	3	0.669374072	3	0.016896296	2	NaN	9	NaN	9
101	20121104	40	2	-23	13	150	146.4	18.43656968	2	1.28938483	2	4.144204158	2	1.231280315	4	0.0098696	2	6.434662774	2	0.817231694	2	0.011334931	2	NaN	9	NaN	9
102	20121104	40	2	-23	14	100	96.5	11.26507984	2	0.885024867	2	2.915255405	2	1.357475964	4	0.20159672	2	5.646547145	2	0.808025224	2	0.022060421	2	NaN	9	NaN	9
103	20121104	40	2	-23	15	80	77.1	11.64315078	2	0.894728406	2	2.734491506	2	0.742367679	4	0.17029792	2	5.991652034	2	0.769036815	2	0.024443863	2	NaN	9	NaN	9
104	20121104	40	2	-23	16	60	56.4	4.17159178	2	0.467712211	2	1.769942838	2	0.607209112	4	0.18314192	2	6.007506641	2	0.85137767	2	0.033580392	2	NaN	9	NaN	9
105	20121104	40	2	-23	17	40	37.5	0.114646703	2	0.185073432	2	1.17410143	2	0.763501127	4	0.0766584	2	5.616276263	2	0.7123054	2	0.030656368	2	NaN	9	NaN	9
106	20121104	40	2	-23	18	20	18.1	0.101208938	2	0.171727085	2	1.136522582	2	0.658290252	4	0.05014568	2	7.6921063	2	1.042051765	2	0.028480842	2	NaN	9	NaN	9
107	20121104	40	2	-23	19	10	8	0.097644912	2	0.157584259	2	1.135449475	2	0.513918231	4	0.04477824	2	7.43654048	2	1.05305735	2	0.029931193	2	NaN	9	NaN	9
108	20121104	44	0.666	-23.0005	10	800	797.1	36.58849049	2	2.39914457	2	23.32704564	2	0.744858073	4	0.00313664	2	9.010207116	3	1.203939014	3	0.019053562	2	NaN	9	NaN	9
109	20121104	44	0.666	-23.0005	12	450	448.1	34.59279987	2	2.191168467	2	15.55395087	2	0.699254385	4	0.00366392	2	7.218076728	3	0.995656001	3	0.014702509	2	NaN	9	NaN	9
110	20121104	44	0.666	-23.0005	14	250	247.9	28.65348786	2	1.777970217	2	8.7033784	2	0.644571553	4	0.0060164	2	10.67218808	3	1.353117311	3	0.027755666	2	NaN	9	NaN	9
111	20121104	44	0.666	-23.0005	15	150	146.5	18.14383326	2	1.213479251	2	5.261830479	2	0.533121034	4	0.00969384	2	10.02857264	2	1.320004811	2	0.018328386	2	NaN	9	NaN	9
112	20121104	44	0.666	-23.0005	16	100	95.1	14.31889022	2	1.000351085	2	3.912750212	2	0.72661968	4	0.05663528	2	8.808411028	2	1.222945162	2	0.023042026	2	NaN	9	NaN	9
113	20121104	44	0.666	-23.0005	17	80	77.2	8.191388603	2	0.651576791	2	2.38519649	2	0.53273384	4	0.20033936	2	5.496819642	2	0.745896338	2	0.019778737	2	NaN	9	NaN	9
114	20121104	44	0.666	-23.0005	18	60	58.3	2.740548202	2	0.351566611	2	1.637102873	2	0.609462016	4	0.17605744	2	7.927945964	2	1.136029797	2	0.032831894	2	NaN	9	NaN	9
115	20121104	44	0.666	-23.0005	19	40	38.4	0.503044427	2	0.218094699	2	1.308998326	2	0.637003876	4	0.26535704	2	9.599732039	2	1.223844762	2	0.0444347	2	NaN	9	NaN	9
116	20121104	44	0.666	-23.0005	20	20	18	0.013656773	2	0.170683711	2	1.242259855	2	0.576883958	4	0.09439664	2	7.558438653	2	1.049554699	2	0.043346937	2	NaN	9	NaN	9
117	20121104	44	0.666	-23.0005	21	10	7.8	0	2	0.176649105	2	1.214850397	2	0.546968276	4	0.11439272	2	8.781888227	2	1.025131888	2	0.03972106	2	NaN	9	NaN	9
118	20121105	48	0.0035	-23.1127	8	800	796.7	36.36471546	2	2.381598345	2	23.45056526	2	0.869673505	4	0.00343408	2	8.661601081	3	1.061038764	3	0.025217553	2	NaN	9	NaN	9
119	20121105	48	0.0035	-23.1127	10	450	447.4	34.35542985	2	2.201229391	2	15.44204659	2	0.68526089	4	0.00692224	2	6.042742013	3	0.761954915	3	0.028118254	2	NaN	9	NaN	9
120	20121105	48	0.0035	-23.1127	12	250	246.2	21.30041385	2	1.400180796	2	6.31087252	2	0.860153672	4	0.00481312	2	5.434535046	3	0.70369235	3	0.033194482	2	NaN	9	NaN	9
121	20121105	48	0.0035	-23.1127	13	150	148.6	16.3777588	2	1.143491849	2	4.875263524	2	0.881596096	4	0.0056108	2	7.370836917	2	0.913085437	2	0.019416149	2	NaN	9	NaN	9
122	20121105	48	0.0035	-23.1127	14	100	96.3	9.276164045	2	0.767501532	2	2.808413886	2	0.928113258	4	0.04257448	2	12.47024409	2	1.337154397	2	0.021229088	2	NaN	9	NaN	9
123	20121105	48	0.0035	-23.1127	15	80	77.5	3.253388763	2	0.411676618	2	1.531324753	2	0.570496432	4	0.27038648	2	9.005201735	2	0.802110931	2	0.032831894	2	NaN	9	NaN	9
124	20121105	48	0.0035	-23.1127	16	60	58.2	1.115087121	2	0.259223746	2	1.272457721	2	0.553716791	4	0.33430904	2	7.199797242	2	0.924416477	2	0.040446236	2	NaN	9	NaN	9
125	20121105	48	0.0035	-23.1127	17	40	38.3	0.168690834	2	0.204987675	2	1.146901366	2	0.619422806	4	0.30100928	2	11.38638859	2	1.478829761	2	0.045522464	2	NaN	9	NaN	9
126	20121105	48	0.0035	-23.1127	18	20	17.1	0	2	0.176760803	2	1.126961921	2	0.546053677	4	0.17828824	2	8.129659476	2	1.092696585	2	0.037182947	2	NaN	9	NaN	9
127	20121105	48	0.0035	-23.1127	19	10	7.6	0.0024261	2	0.171465101	2	1.147651392	2	0.561594312	4	0.19165952	2	10.18822952	2	1.226333002	2	0.03972106	2	NaN	9	NaN	9
128	20121107	53	-0.999	-22.9997	9	800	797.4	36.28898162	2	2.392867881	2	23.63261462	2	0.757017052	4	0.00448864	2	6.921062481	3	0.971118378	3	0.022679439	2	2.2225373	3	4.5827822	3
129	20121107	53	-0.999	-22.9997	11	450	445.6	34.38005315	2	2.191751085	2	15.77035117	2	0.79709372	4	0.00482664	2	5.649736249	3	0.737072773	3	0.023404614	2	2.1447043	3	4.9376262	3
130	20121107	53	-0.999	-22.9997	13	250	246.3	25.21654528	2	1.601035427	2	7.459179659	2	0.824736656	4	0.00528632	2	5.169460273	3	0.573060912	3	0.033194482	2	2.1658304	3	5.45215	3
131	20121107	53	-0.999	-22.9997	14	150	147.4	21.19841629	2	1.389172472	2	5.756471786	2	0.763512262	4	0.01496664	2	5.185372446	2	0.722086056	2	0.022316851	2	2.2080826	3	6.4938706	3
132	20121107	53	-0.999	-22.9997	15	100	95.3	14.61193568	2	1.064733861	2	3.565454932	2	1.155194236	4	0.18553496	2	6.403692774	2	0.920377896	2	0.031381543	2	5.9184929	3	1.7161496	3
133	20121107	53	-0.999	-22.9997	16	80	76.8	2.639503627	2	0.40284715	2	1.39822573	2	0.660885686	4	0.33545824	2	7.253517746	2	1.027352121	2	0.045522464	2	NaN	9	NaN	9
134	20121107	53	-0.999	-22.9997	17	60	56.8	0.371341852	2	0.239848795	2	1.088364255	2	0.621865986	4	0.33822984	2	10.47296455	2	1.505243095	2	0.045885051	2	NaN	9	NaN	9
135	20121107	53	-0.999	-22.9997	18	40	38	0.003496548	2	0.233552298	2	1.103265011	2	0.631677476	4	0.21552232	2	7.816437291	2	1.189162856	2	0.046247639	2	NaN	9	NaN	9
136	20121107	53	-0.999	-22.9997	19	20	18.8	0.006059308	2	0.216138502	2	1.116788842	2	0.664847972	4	0.13613288	2	8.560867792	2	1.114784267	2	0.03355707	2	NaN	9	NaN	9
137	20121107	53	-0.999	-22.9997	20	10	8.3	-0.000720366	2	0.214584492	2	1.139756425	2	0.742646347	4	0.14282528	2	7.523548672	2	0.999292698	2	0.03500742	2	NaN	9	NaN	9
138	20121107	58	-1.9995	-22.9992	10	800	797.6	36.27100559	2	2.405021363	2	23.17789103	2	1.112585038	4	0.004394	2	13.99325665	3	1.845631333	3	0.020141325	2	NaN	9	NaN	9
139	20121107	58	-1.9995	-22.9992	12	450	447.2	33.25571327	2	2.115248097	2	14.28112807	2	0.895773097	4	0.00374504	2	15.24649952	3	1.867202319	3	0.019416149	2	NaN	9	NaN	9
140	20121107	58	-1.9995	-22.9992	14	250	246	31.46007548	2	1.943177422	2	9.453065954	2	0.92011321	4	0.00444808	2	15.89083749	3	2.269183428	3	0.017603211	2	NaN	9	NaN	9
141	20121107	58	-1.9995	-22.9992	15	150	146.4	24.40206913	2	1.561580294	2	6.614773219	2	0.702045084	4	0.01288456	2	24.81404356	3	2.516033902	3	0.021954263	2	NaN	9	NaN	9
142	20121107	58	-1.9995	-22.9992	16	100	96.4	22.6663057	2	1.472512683	2	5.602171129	2	1.322606669	4	0.11156704	2	10.46144122	2	1.241874798	2	0.02558014	2	NaN	9	NaN	9
143	20121107	58	-1.9995	-22.9992	17	80	76.4	13.31258049	2	1.018729134	2	2.973440645	2	0.717607319	4	0.20194824	2	11.28217837	2	1.171285931	2	0.029206017	2	NaN	9	NaN	9
144	20121107	58	-1.9995	-22.9992	18	60	57.3	0.196931194	2	0.225478748	2	1.076345867	2	0.724269339	4	0.26618176	2	8.253784821	2	0.874077879	2	0.031018956	2	NaN	9	NaN	9
145	20121107	58	-1.9995	-22.9992	19	40	38.2	0.012265669	2	0.192860705	2	1.013367353	2	0.666933341	4	0.0928148	2	9.423406701	2	1.267694838	2	0.027755666	2	NaN	9	NaN	9
146	20121107	58	-1.9995	-22.9992	20	20	18.4	0.003538286	2	0.187936181	2	1.019152019	2	0.785566461	4	0.08022768	2	9.902886294	2	1.196321269	2	0.026667903	2	NaN	9	NaN	9
147	20121107	58	-1.9995	-22.9992	21	10	8.1	0	2	0.203589758	2	1.001535438	2	0.674883449	4	0.0801736	2	6.958130406	2	0.947997051	2	0.029931193	2	NaN	9	NaN	9
147a	20121108	60	-3.0107	-22.9915	10	800	797.4	35.41761579	2	2.338625261	2	23.80360976	2	0.973305339	4	0.00360984	2	11.91910275	3	1.768477517	3	0.011076632	2	NaN	9	NaN	9
148	20121108	60	-3.0107	-22.9915	12	450	447.5	35.99010258	2	2.239894322	2	14.37625299	2	0.893127961	4	0.00248768	2	11.40113318	3	1.916756045	3	0.012526983	2	NaN	9	NaN	9
149	20121108	60	-3.0107	-22.9915	14	250	247.5	27.50773153	2	1.71569846	2	8.035177996	2	0.697090809	4	0.0031096	2	7.933830304	3	1.154978582	3	0.02558014	2	NaN	9	NaN	9
150	20121108	60	-3.0107	-22.9915	15	150	147.2	24.93132068	2	1.562224884	2	6.435066529	2	0.948066004	4	0.0043264	2	8.873769995	2	1.425945475	2	0.01615286	2	NaN	9	NaN	9
151	20121108	60	-3.0107	-22.9915	16	100	97.5	19.05295273	2	1.283811325	2	4.499395982	2	0.682396928	4	0.18790096	2	8.503826778	2	1.353193824	2	0.0166932	2	NaN	9	NaN	9
152	20121108	60	-3.0107	-22.9915	17	80	78.3	13.75188692	2	1.007785704	2	2.978421975	2	0.752154144	4	0.15887352	2	10.41846434	2	1.699349968	2	0.055869003	2	NaN	9	NaN	9
153	20121108	60	-3.0107	-22.9915	18	60	57.6	1.636019073	2	0.376043117	2	1.340119171	2	0.824638716	4	0.18361512	2	NaN	9	NaN	9	0.073690353	2	NaN	9	NaN	9
154	20121108	60	-3.0107	-22.9915	19	40	38.8	0.002290914	2	0.192090608	2	1.013051175	2	0.549894739	4	0.08635224	2	5.862211647	2	0.839018601	2	0.050777189	2	NaN	9	NaN	9
155	20121108	60	-3.0107	-22.9915	20	20	17.5	-0.003265871	2	0.192248092	2	1.018730902	2	0.422602391	4	0.06492304	2	7.656701805	2	1.0605779	2	0.041159317	2	NaN	9	NaN	9
156	20121108	60	-3.0107	-22.9915	21	10	7.9	0	2	0.210442047	2	0.998026074	2	0.684731374	4	0.09643816	2	6.315464601	2	0.859422065	2	0.052757339	2	NaN	9	NaN	9
158	20121109	63	-5.0057	-22.981	10	800	796.9	34.16073485	2	2.233258063	2	21.58897367	2	1.187125406	4	0.0028392	2	5.937052968	3	0.851080555	3	0.038330531	2	2.0817716	3	4.8973882	3
159	20121109	63	-5.0057	-22.981	12	450	447.3	35.65569112	2	2.234537777	2	14.97542488	2	1.036228081	4	0.00301496	2	3.989603724	3	0.49247368	3	0.049645674	2	2.7837062	3	5.2569727	3
160	20121109	63	-5.0057	-22.981	14	250	248.8	29.79039888	2	1.869141208	2	9.891309067	2	1.08044747	4	0.00312312	2	6.069607425	3	0.827779138	3	0.028995539	2	4.130177	3	5.4378546	3
161	20121109	63	-5.0057	-22.981	15	150	147.6	24.02852851	2	1.538391775	2	6.159099751	2	0.78457635	4	0.01062672	2	5.776264241	2	0.771209557	2	0.03861341	2	4.9564748	3	6.8958063	3
162	20121109	63	-5.0057	-22.981	16	100	96.7	16.4168994	2	1.142648416	2	3.843001288	2	1.080090764	4	0.15584504	2	5.849098328	2	0.771229132	2	0.047665524	2	8.847608	3	13.1830868	3
163	20121109	63	-5.0057	-22.981	17	80	77.9	5.054823337	2	0.592201567	2	1.810395674	2	1.029096686	4	0.19357936	2	7.822940951	2	1.093062808	2	0.062092332	2	8.3776586	3	1.4693493	3
164	20121109	63	-5.0057	-22.981	18	60	57.9	0.972389368	2	0.292821913	2	1.303834861	2	0.675447364	4	0.16693144	2	7.830222732	2	0.937002021	2	0.053888853	2	15.4233122	3	-7.1149134	3
165	20121109	63	-5.0057	-22.981	19	40	38.9	0.020668477	2	0.243306817	2	1.151426409	2	0.713880069	4	0.17242056	2	7.201051764	2	0.923530325	2	0.04851416	2	55.2709556	3	6.8020964	3
166	20121109	63	-5.0057	-22.981	20	20	18	0.002572618	2	0.237670154	2	1.147655918	2	0.715423495	4	0.11487944	2	7.908506443	2	0.905574504	2	0.032107203	2	48.7072094	3	0.0789559	3
167	20121109	63	-5.0057	-22.981	21	10	7.1	0	2	0.245361756	2	1.219549274	2	0.749101114	4	0.13299624	2	6.964675355	2	0.966079855	2	0.059829303	2	41.3231444	3	0.2947066	3
168	20121110	65	-4.0112	-22.9822	10	800	797.3	36.78899538	2	2.408119712	2	23.98725328	2	1.167229955	4	0.001667467	2	9.057543854	3	1.426840904	3	0.035218867	2	1.9760194	3	5.396094	3
169	20121110	65	-4.0112	-22.9822	12	450	447	37.08057688	2	2.313105276	2	15.26484994	2	1.002170922	4	0.002924827	2	4.359687876	3	0.665060802	3	0.034087353	2	2.129794	3	5.549934	3
170	20121110	65	-4.0112	-22.9822	14	250	246.9	29.21225989	2	1.69029258	2	9.103148955	2	1.272286956	4	0.002127147	2	9.128038417	3	1.394101436	3	0.01683176	2	2.3710826	3	4.424979	3
171	20121110	65	-4.0112	-22.9822	15	150	148.3	24.97245667	2	1.604957879	2	6.337026155	2	1.207575846	4	0.013078347	2	12.49680897	2	1.730425049	2	0.041159317	2	2.2648156	3	4.774965	3
172	20121110	65	-4.0112	-22.9822	16	100	98.1	21.19868167	2	1.397863896	2	4.980716882	2	0.755359836	4	0.046959467	2	9.150823857	2	1.447244368	2	0.053888853	2	2.8711626	3	4.811502	3
173	20121110	65	-4.0112	-22.9822	17	80	79.1	9.204033796	2	0.834312564	2	2.290103352	2	0.810969365	4	0.171559787	2	6.800510933	2	1.0861507	2	0.083025346	2	5.9329024	3	5.74608	3
174	20121110	65	-4.0112	-22.9822	18	60	58.3	2.088782809	2	0.394478334	2	1.350323112	2	0.713403522	4	0.110679227	2	9.485623013	2	1.410157884	2	0.054171732	2	6.768036	3	2.907732	3
175	20121110	65	-4.0112	-22.9822	19	40	38.2	0.131704983	2	0.238273503	2	1.082015033	2	0.551386979	4	0.062764347	2	7.136454244	2	1.264944974	2	0.074538989	2	47.762094	3	18.309039	3
176	20121110	65	-4.0112	-22.9822	20	20	18.4	0.006097363	2	0.239754399	2	1.042080861	2	0.778689338	4	0.054098027	2	8.624122657	2	1.385838226	2	0.059546424	2	49.5273764	3	12.449658	3
177	20121110	65	-4.0112	-22.9822	21	10	6.8	-0.00410767	2	0.224711375	2	1.033760637	2	0.872885162	4	0.066414747	2	8.659084099	2	1.378789093	2	0.058980667	2	49.6761502	3	17.672526	3
178	20121114	74	9.5017	-22.9957	3	800	796.3	38.2368844	2	2.481056042	2	20.77041973	2	1.347149669	4	0.007580213	2	5.861523248	3	0.898153275	3	0.03267296	2	2.3010714	3	9.386319	3
179	20121114	74	9.5017	-22.9957	5	450	446.3	37.9772669	2	2.21495153	2	12.30226549	2	1.292983135	4	0.006255253	2	6.730297445	3	0.871797219	3	0.027864024	2	2.948675	3	6.753732	3
180	20121114	74	9.5017	-22.9957	7	250	246.4	32.60907053	2	1.981179877	2	9.466012958	2	0.740287642	4	0.008066933	2	8.073401346	3	1.277516049	3	0.030975689	2	2.3160738	3	3.882693	3
181	20121114	74	9.5017	-22.9957	8	150	147.4	26.73060957	2	1.688763644	2	7.813154996	2	1.238309477	4	0.007120533	2	10.68756231	2	1.675872375	2	0.036916139	2	2.5036038	3	2.66928	3
182	20121114	74	9.5017	-22.9957	9	100	96.3	23.35722365	2	1.478486261	2	6.439517653	2	1.387422713	4	0.066540933	2	NaN	9	NaN	9	NaN	9	2.504854	3	3.069264	3
183	20121114	74	9.5017	-22.9957	10	80	77.5	21.63528348	2	1.437759062	2	5.081229185	2	0.858014063	4	0.150554213	2	5.677402015	2	0.895686057	2	0.02871266	2	NaN	9	NaN	9
184	20121114	74	9.5017	-22.9957	11	60	58.5	21.66376495	2	1.458049706	2	5.003565341	2	0.738188947	4	0.297665333	2	7.259030493	2	1.174754794	2	0.044270982	2	2.644583	3	6.295977	3
185	20121114	74	9.5017	-22.9957	12	40	38	2.361613397	2	0.387726014	2	2.187639409	2	0.782350794	4	0.294136613	2	8.063878895	2	1.289695453	2	0.057000517	2	12.8777634	3	6.497973	3
186	20121114	74	9.5017	-22.9957	13	20	18.6	0.020307205	2	0.237930898	2	1.254233632	2	0.776029755	4	0.180609173	2	7.944720024	2	1.153254874	2	0.051342946	2	46.1543368	3	13.536153	3
187	20121114	74	9.5017	-22.9957	14	10	7.4	0	2	0.156367949	2	0.954478827	2	0.788346915	4	0.130166053	2	NaN	9	NaN	9	NaN	9	56.5672526	3	16.11105	3
188	20121115	82	12	-23	3	800	797.7	39.34809762	2	2.484427176	2	18.9370656	2	0.964281438	4	0.00271752	2	4.696021439	3	0.733085257	3	0.040310681	2	NaN	9	NaN	9
189	20121115	82	12	-23	5	430	427.1	36.77059824	2	2.207002129	2	11.80377891	2	0.650149676	4	0.00557024	2	3.675922209	3	0.617322276	3	0.02871266	2	NaN	9	NaN	9
190	20121115	82	12	-23	7	250	247.8	28.76119033	2	1.789521631	2	8.573532734	2	0.642516979	4	0.0051376	2	10.03169942	3	1.528074712	3	0.036916139	2	NaN	9	NaN	9
191	20121115	82	12	-23	8	150	147.2	25.30709591	2	1.576883436	2	6.915620293	2	0.618727363	4	0.00393432	2	10.16369808	2	1.817168921	2	0.031824324	2	NaN	9	NaN	9
192	20121115	82	12	-23	9	100	97.1	24.95174922	2	1.555706389	2	6.367019456	2	0.693994731	4	0.0178464	2	NaN	9	NaN	9	NaN	9	NaN	9	NaN	9
193	20121115	82	12	-23	10	80	78.2	25.32375148	2	1.554351029	2	5.247373143	2	0.463193407	4	0.0521196	2	8.726004071	2	1.402325495	2	0.025600996	2	NaN	9	NaN	9
194	20121115	82	12	-23	11	60	59	26.3905433	2	1.62068478	2	5.035990432	2	0.462802551	4	0.05656768	2	6.773221921	2	0.984172701	2	0.032107203	2	NaN	9	NaN	9
195	20121115	82	12	-23	12	40	37.9	19.29924892	2	1.324049896	2	3.816067767	2	0.470980985	4	0.36685168	2	9.832067778	2	1.617951607	2	0.05445461	2	NaN	9	NaN	9
196	20121115	82	12	-23	13	20	18.3	0.830586788	2	0.24117349	2	1.689766738	2	0.435866953	4	0.14112176	2	NaN	9	NaN	9	NaN	9	NaN	9	NaN	9
197	20121115	82	12	-23	14	10	7.4	0.006258631	2	0.130238113	2	1.075604855	2	0.430978072	4	0.067938	2	9.068268422	2	1.329366605	2	0.056717639	2	NaN	9	NaN	9
198	20121116	89	14.4995	-23	3	800	796.8	37.47144236	2	2.401115689	2	18.03987101	2	0.681975549	4	0.004024453	2	3.721359697	3	0.579550497	3	0.02277221	2	2.6784758	3	4.2174466	3
199	20121116	89	14.4995	-23	5	450	446.4	34.76964668	2	2.116594244	2	12.26494399	2	0.654535135	4	0.007918213	2	12.58972374	3	2.139041918	3	0.019377667	2	2.97623	3	4.278467	3
200	20121116	89	14.4995	-23	7	250	246.4	31.01677666	2	1.85034011	2	8.773388852	2	0.77811893	4	0.006322853	2	6.918093712	3	1.186973348	3	0.043705224	2	2.9415518	3	4.2392396	3
201	20121116	89	14.4995	-23	8	150	146.5	25.28437964	2	1.514226387	2	6.011352643	2	0.724315199	4	0.008824053	2	6.99068682	2	1.086914381	2	0.023337967	2	4.5020708	3	4.3743562	3
202	20121116	89	14.4995	-23	9	100	97.6	22.41589673	2	1.333336131	2	4.647814446	2	0.733183465	4	0.053845653	2	NaN	9	NaN	9	NaN	9	3.2129984	3	4.627155	3
203	20121116	89	14.4995	-23	10	80	77.3	19.88905095	2	1.313764134	2	3.798600646	2	0.469053407	4	0.046004053	2	3.823539655	2	0.583407967	2	0.064638239	2	3.1926698	3	3.6660837	3
204	20121116	89	14.4995	-23	11	60	57.2	13.955372	2	0.950011838	2	2.784483808	2	0.260181527	4	0.167197333	2	8.531291264	2	1.387208903	2	0.039744924	2	3.6135914	3	4.7470165	3
205	20121116	89	14.4995	-23	12	40	37.6	3.621125543	2	0.433765431	2	1.61422139	2	0.546163135	4	0.399484453	2	7.500674304	2	1.032616183	2	0.04059356	2	34.5501332	3	7.3011561	3
206	20121116	89	14.4995	-23	13	20	17.8	0.604182866	2	0.213951947	2	1.123416321	2	0.514494723	4	0.322947733	2	NaN	9	NaN	9	NaN	9	27.9971492	3	-1.4160439	3
207	20121116	89	14.4995	-23	14	10	7.7	0.122800501	2	0.309823935	2	0.930682014	2	0.691821796	4	0.226644773	2	10.24140137	2	1.626763088	2	0.034053372	2	40.1141906	3	-2.4904388	3
208	20121118	93	15.9998	-20.6668	3	800	797.4	37.14502288	2	2.321588532	2	17.93409722	2	0.85083028	4	0.002983413	2	5.376834217	3	0.851805001	3	0.012066612	2	NaN	9	NaN	9
209	20121118	93	15.9998	-20.6668	5	450	445.5	35.62369423	2	2.128325365	2	11.17584106	2	0.803952811	4	0.004294853	2	6.802999331	3	0.890477571	3	0.009803269	2	NaN	9	NaN	9
210	20121118	93	15.9998	-20.6668	7	250	248.7	29.02937683	2	1.74932822	2	7.769228144	2	0.890999113	4	0.006714933	2	7.842067636	3	1.172542136	3	0.013359951	2	NaN	9	NaN	9
211	20121118	93	15.9998	-20.6668	8	150	146.5	27.32135299	2	1.668289908	2	6.803753489	2	0.680930013	4	0.008932213	2	4.052276983	2	0.550374746	2	0.01465329	2	NaN	9	NaN	9
212	20121118	93	15.9998	-20.6668	9	100	97.3	26.27414299	2	1.619382643	2	5.950585191	2	0.838720687	4	0.068541893	2	5.546556247	2	0.775478187	2	0.012066612	2	NaN	9	NaN	9
213	20121118	93	15.9998	-20.6668	10	80	78.4	27.61468962	2	1.639476705	2	5.008513196	2	0.715254732	4	0.147241813	2	4.575104253	2	0.65474162	2	NaN	9	NaN	9	NaN	9
214	20121118	93	15.9998	-20.6668	12	60	57.9	19.7804592	2	1.308399817	2	3.73736372	2	0.504473944	4	0.063553013	2	5.815256824	2	0.91918331	2	0.021119984	2	NaN	9	NaN	9
215	20121118	93	15.9998	-20.6668	13	40	38	1.00001677	2	0.368825072	2	1.756197023	2	0.786334758	4	0.319554213	2	8.554316492	2	1.330502296	2	0.035023376	2	NaN	9	NaN	9
216	20121118	93	15.9998	-20.6668	14	20	17.4	0.053671728	2	0.142261692	2	0.953903059	2	0.575896472	4	0.155313253	2	6.275385824	2	0.966295265	2	0.029526686	2	NaN	9	NaN	9
217	20121118	93	15.9998	-20.6668	15	10	6.7	0.030077335	2	0.133091887	2	0.957749212	2	0.60957351	4	0.158814933	2	6.673513687	2	0.97064228	2	NaN	9	NaN	9	NaN	9
218	20121118	95	18.0013	-20.002	3	800	796.4	35.70530022	2	2.269132475	2	16.54056237	2	0.673416968	4	0.004750027	2	4.093119191	3	0.60101131	3	0.011743277	2	2.027197	3	5.494246	3
219	20121118	95	18.0013	-20.002	5	430	416.3	35.63976247	2	2.05481903	2	10.71876627	2	0.666239357	4	0.003654907	2	6.329689918	3	0.996782926	3	0.011096608	2	2.49777975	3	4.238705	3
220	20121118	95	18.0013	-20.002	7	250	248.7	28.7354928	2	1.677302977	2	7.309808111	2	0.659053579	4	0.004695947	2	3.889430999	3	0.555602892	3	0.013036616	2	2.9474735	3	4.037732	3
221	20121118	95	18.0013	-20.002	8	150	147.2	26.37878964	2	1.569133454	2	6.032708887	2	0.96552006	4	0.007494587	2	3.285906652	2	0.501872581	2	0.012713281	2	3.0983385	3	4.100401	3
222	20121118	95	18.0013	-20.002	9	100	97.1	23.17085762	2	1.370869782	2	4.705742337	2	1.012000323	4	0.041754267	2	5.211649107	2	0.784524652	2	0.013683286	2	2.976486	3	4.312179	3
223	20121118	95	18.0013	-20.002	10	80	77.4	20.24447745	2	1.244749745	2	3.596714378	2	0.562466102	4	0.094996027	2	4.913727317	2	0.746909473	2	0.019179975	2	3.129672	3	3.127951	3
224	20121118	95	18.0013	-20.002	11	60	57.2	19.14512275	2	1.225760291	2	3.090907555	2	0.556139182	4	0.212295547	2	6.773901585	2	1.069408956	2	0.016593298	2	3.111104	3	4.692515	3
225	20121118	95	18.0013	-20.002	12	40	38.8	5.704860424	2	0.656050595	2	1.871748221	2	0.88862803	4	0.514143067	2	5.755652378	2	0.919535745	2	0.025646669	2	7.6451775	3	4.74654	3
226	20121118	95	18.0013	-20.002	13	20	17.7	0.726414038	2	0.226385417	2	0.974678711	2	0.728658796	4	0.479058667	2	10.36542112	2	1.486602234	2	0.04634009	2	23.134371	3	4.195485	3
227	20121118	95	18.0013	-20.002	14	10	7.7	0.322404857	2	0.120635672	2	0.858463369	2	0.629742335	4	0.553040107	2	9.766922397	2	1.434594993	2	0.045693421	2	NaN	9	NaN	9
228	20121119	99	18.0095	-21.9907	3	800	795.5	35.23678564	2	2.249836403	2	16.42946923	2	0.954857942	4	0.003235787	2	4.857556924	3	0.724195477	3	0.010449939	2	2.1676175	3	4.318662	3
229	20121119	99	18.0095	-21.9907	5	450	446.2	33.9278985	2	2.064458072	2	11.26267468	2	0.873302548	4	0.002600347	2	9.506964959	3	1.350572815	3	0.009479934	2	2.6735955	3	5.401323	3
230	20121119	99	18.0095	-21.9907	8	250	247.3	29.06565378	2	1.688939079	2	7.289966496	2	0.832312539	4	0.001708027	2	5.860735203	3	1.092240402	3	0.017239967	2	2.535496	3	4.910776	3
231	20121119	99	18.0095	-21.9907	10	150	147.1	24.78943874	2	1.480058743	2	5.337757768	2	1.156660518	4	0.003546747	2	5.167804385	2	0.690183249	2	0.01465329	2	3.025227	3	4.526118	3
232	20121119	99	18.0095	-21.9907	12	100	96.2	20.68847142	2	1.234741011	2	3.763896612	2	0.673767486	4	0.031560187	2	3.826135641	2	0.585953485	2	0.016269963	2	3.0913755	3	4.748701	3
233	20121119	99	18.0095	-21.9907	13	80	77.9	14.44802853	2	0.966510835	2	2.452856001	2	0.492265879	4	0.142167307	2	5.227931284	2	0.847203511	2	0.023059992	2	3.0472765	3	2.114442	3
234	20121119	99	18.0095	-21.9907	14	60	58.4	1.84491684	2	0.314181853	2	1.242165524	2	0.707113722	4	0.282234507	2	5.409257238	2	0.819124258	2	0.023706661	2	15.038723	3	5.835684	3
235	20121119	99	18.0095	-21.9907	15	40	37.5	0.07473851	2	0.137857169	2	0.821581746	2	0.852104429	4	0.046513307	2	5.285810366	2	0.76165397	2	0.03599338	2	54.019918	3	22.075599	3
236	20121119	99	18.0095	-21.9907	16	20	18	0.006984189	2	0.138713308	2	0.852550573	2	0.591168671	4	0.188108267	2	7.317341115	2	1.107631045	2	0.029203351	2	34.839174	3	-6.291848	3
237	20121119	99	18.0095	-21.9907	17	10	7.7	0.043041272	2	0.139091293	2	0.882998952	2	0.674514563	4	0.069767707	2	5.796477912	2	0.789674413	2	0.026940008	2	66.077513	3	18.786557	3
238	20121120	104	17.6167	-24.233	1	3500	3496.2	24.19973324	2	1.557388627	2	31.74976821	2	0.750608054	4	NaN	9	10.78424302	3	1.547146735	3	0.009803269	2	2.5830765	3	4.891327	3
239	20121120	104	17.6167	-24.233	2	3000	2997.7	23.2716278	2	1.514718608	2	26.60132247	2	0.839719202	4	NaN	9	7.106693507	3	1.039332455	3	0.011419943	2	2.373026	3	4.253832	3
240	20121120	104	17.6167	-24.233	3	2000	1956.7	16.27606518	2	1.219543022	2	13.80745151	2	1.16592859	4	NaN	9	8.120025071	3	1.226879485	3	0.01400662	2	1.853122	3	6.315426	3
241	20121120	104	17.6167	-24.233	4	1500	1498.4	26.24204204	2	1.687406944	2	17.43942151	2	0.854063433	4	NaN	9	10.96330528	3	1.555683995	3	0.017239967	2	1.790455	3	5.684414	3
242	20121120	104	17.6167	-24.233	5	1000	996.4	33.18656352	2	2.121729554	2	17.5977249	2	0.69195325	4	NaN	9	10.82850301	3	1.612018676	3	0.009803269	2	2.0306785	3	5.077173	3
243	20121120	104	17.6167	-24.233	6	600	598	35.32599026	2	2.10057238	2	14.05811309	2	1.0726681	4	NaN	9	9.120565282	3	1.41893013	3	0.014976624	2	1.9656905	3	5.159291	3
244	20121120	104	17.6167	-24.233	7	450	445.6	32.85334714	2	1.935291674	2	10.35217023	2	1.038663168	4	NaN	9	7.437992707	3	1.073168465	3	0.006893257	2	2.3904335	3	4.813531	3
245	20121120	104	17.6167	-24.233	9	250	246.8	21.42697096	2	1.236353649	2	4.944942616	2	1.067241718	4	NaN	9	7.627132423	3	1.277006929	3	0.016591576	2	2.8267815	3	4.753023	3
246	20121120	104	17.6167	-24.233	11	150	148	15.78211963	2	0.868370362	2	3.217725888	2	0.940577308	4	0.007589227	2	4.543767822	2	0.792885737	2	0.022878248	2	2.6619905	3	3.972902	3
247	20121120	104	17.6167	-24.233	13	100	96.7	11.44775957	2	0.697934369	2	2.170417187	2	1.128960104	4	0.039685707	2	7.12856664	2	1.044971847	2	0.014626991	2	2.5946815	3	2.505583	3
248	20121120	104	17.6167	-24.233	14	80	79.1	11.97185188	2	0.77754604	2	2.105273967	2	0.646914228	4	0.144114187	2	8.338385603	2	1.169115487	2	0.02523575	2	2.8917695	3	2.207365	3
249	20121120	104	17.6167	-24.233	15	60	57.5	6.650974418	2	0.602989668	2	1.639789007	2	0.71146686	4	0.414838667	2	8.457262603	2	1.211488842	2	0.053918692	2	5.311412	3	1.533133	3
250	20121120	104	17.6167	-24.233	16	40	38	0.03230739	2	0.179687762	2	0.855171428	2	0.576547827	4	0.193705547	2	9.996580766	2	1.364338306	2	0.046846186	2	62.3325795	3	14.138246	3
251	20121120	104	17.6167	-24.233	17	20	18.3	0.021247215	2	0.181887745	2	0.8502222	2	0.692960581	4	0.163758747	2	8.761554661	2	1.123021773	2	0.042917016	2	51.1175075	3	7.791389	3
252	20121120	104	17.6167	-24.233	18	10	8.2	0.046111498	2	0.172058561	2	0.836158621	2	0.711682178	4	0.150035947	2	18.17392952	2	2.437554602	2	0.041738265	2	59.4359715	3	7.164699	3
253	20121121	111	18.0067	-26.9927	1	800	797	27.64278264	2	1.932105968	2	13.24461153	2	1.35955911	4	0.000441653	2	4.714410496	3	0.702930499	3	0.016198659	2	1.779738	3	5.463399	3
254	20121121	111	18.0067	-26.9927	2	450	447.8	32.81092698	2	1.889633497	2	10.14151948	2	0.804636176	4	0.000806693	2	5.565384784	3	0.915756661	3	0.014626991	2	2.2035558	3	4.549974	3
255	20121121	111	18.0067	-26.9927	3	250	246.1	23.69080808	2	1.380995122	2	5.447105699	2	1.154452353	4	0.000685013	2	8.464429254	3	1.220261087	3	0.020127829	2	2.7748972	3	4.901883	3
256	20121121	111	18.0067	-26.9927	4	150	148.3	15.50960517	2	0.920183502	2	2.964888735	2	1.012688613	4	0.000982453	2	6.307933503	2	0.960303438	2	0.022878248	2	3.7400516	3	3.821157	3
257	20121121	111	18.0067	-26.9927	5	100	96.3	8.195978187	2	0.550245623	2	1.633541526	2	1.066470525	4	0.005484613	2	8.075640428	2	1.27847548	2	0.027593252	2	3.6325344	3	3.740391	3
258	20121121	111	18.0067	-26.9927	6	80	76.6	NaN	9	NaN	9	NaN	9	NaN	9	NaN	9	NaN	9	NaN	9	NaN	9	NaN	9	NaN	9
259	20121121	111	18.0067	-26.9927	7	60	57.7	2.258467141	2	0.331797497	2	1.236051464	2	0.555063822	4	0.015124373	2	5.097068842	2	0.775615297	2	0.034665759	2	13.9016772	3	8.101755	3
260	20121121	111	18.0067	-26.9927	8	40	38.1	0.142725406	2	0.180310539	2	0.969705669	2	0.710973609	4	0.007242213	2	9.656946146	2	1.56018761	2	0.041345348	2	49.0110438	3	17.824443	3
261	20121121	111	18.0067	-26.9927	9	20	18.6	0.052751766	2	0.156849728	2	0.882462749	2	0.557502469	4	0.005930773	2	9.445710183	2	1.466864491	2	0.037809095	2	50.0574612	3	21.291612	3
262	20121121	111	18.0067	-26.9927	10	10	8.3	0.052475775	2	0.145253643	2	0.848370774	2	0.70283606	4	0.004686933	2	7.730357286	2	1.17596887	2	0.037416178	2	66.3450668	3	18.289809	3
